284.72501
284.87500
285.00000
285.12500
285.27499
285.42499
285.57501
285.72501
285.89999
286.07501
286.22501
286.37500
286.50000
286.62500
286.77499
286.89999
287.00000
287.10001
287.22501
287.37500
287.52499
287.70001
287.89999
288.12500
288.39999
288.70001
289.02499
289.39999
289.79999
290.22501
290.70001
291.20001
291.67499
292.12500
292.57501
292.97501
293.29999
293.57501
293.79999
294.00000
294.17499
294.32501
294.47501
294.60001
294.70001
294.79999
294.89999
295.02499
295.22501
295.50000
295.79999
296.12500
296.47501
296.82501
297.20001
297.62500
298.07501
298.50000
298.89999
299.29999
299.70001
300.07501
300.42499
300.77499
301.10001
301.39999
301.72501
302.07501
302.39999
302.70001
303.02499
303.39999
303.77499
304.12500
304.52499
304.97501
305.39999
305.82501
306.29999
306.77499
307.22501
307.70001
308.17499
308.60001
309.00000
309.39999
309.75000
310.00000
310.17499
310.29999
310.37500
310.37500
310.29999
310.20001
310.12500
310.10001
310.12500
310.20001
310.32501
310.50000
310.75000
311.10001
311.50000
311.92499
312.42499
313.00000
313.60001
314.22501
314.84750
315.50000
316.27249
317.07501
317.79501
318.39749
318.92499
319.64749
320.64749
321.60501
322.63501
323.90250
324.98499
325.85501
327.14001
328.67749
329.74249
330.58499
331.74750
333.27249
334.84750
336.52499
338.35999
339.72751
340.79251
342.19751
343.78250
345.28250
346.79749
348.64499
350.73749
352.48749
353.85501
355.01749
355.88501
356.77750
358.12750
359.83749
361.46249
363.15500
365.32251
367.34750
368.86499
370.46750
372.52249
374.76001
376.81250
378.81250
380.82751
382.77750
384.79999
386.95160
389.12784
391.27356
393.42111
395.58282
397.76407
399.96631
402.18433
404.41077
406.64291
408.88171
411.12869
413.37805
415.63943
417.93552
420.27396
422.65594
425.07983
427.53790
430.02060
432.52341
435.04593
437.58887
440.13138
442.66418
445.20700
447.76978
450.35538
452.96338
455.58649
458.21521
460.84500
463.47549
466.09335
468.67807
471.23389
473.78030
476.32819
478.88086
481.43826
483.99307
486.53531
489.06036
491.53558
493.93185
496.24365
498.47437
500.64502
502.76788
504.84729
506.88409
508.87134
510.79904
512.64716
514.40149
516.06464
517.62854
519.09607
520.48828
521.81775
523.08868
524.30219
525.45087
526.50903
527.45709
528.29596
529.02716
529.64252
530.14417
530.55341
530.88312
531.13800
531.31934
531.48993
531.70215
531.94208
532.20471
532.48669
532.77551
533.06976
533.38794
533.74072
534.13086
534.55756
535.01141
535.47961
535.95490
536.43512
536.91986
537.39856
537.87134
538.35828
