284.72501
284.87500
285.00000
285.12500
285.27499
285.42499
285.57501
285.72501
285.89999
286.07501
286.22501
286.37500
286.50000
286.62500
286.77499
286.89999
287.00000
287.10001
287.22501
287.37500
287.52499
287.70001
287.89999
288.12500
288.39999
288.70001
289.02499
289.39999
289.79999
290.22501
290.70001
291.20001
291.67499
292.12500
292.57501
292.97501
293.29999
293.57501
293.79999
294.00000
294.17499
294.32501
294.47501
294.60001
294.70001
294.79999
294.89999
295.02499
295.22501
295.50000
295.79999
296.12500
296.47501
296.82501
297.20001
297.62500
298.07501
298.50000
298.89999
299.29999
299.70001
300.07501
300.42499
300.77499
301.10001
301.39999
301.72501
302.07501
302.39999
302.70001
303.02499
303.39999
303.77499
304.12500
304.52499
304.97501
305.39999
305.82501
306.29999
306.77499
307.22501
307.70001
308.17499
308.60001
309.00000
309.39999
309.75000
310.00000
310.17499
310.29999
310.37500
310.37500
310.29999
310.20001
310.12500
310.10001
310.12500
310.20001
310.32501
310.50000
310.75000
311.10001
311.50000
311.92499
312.42499
313.00000
313.60001
314.22501
314.84750
315.50000
316.27249
317.07501
317.79501
318.39749
318.92499
319.64749
320.64749
321.60501
322.63501
323.90250
324.98499
325.85501
327.14001
328.67749
329.74249
330.58499
331.74750
333.27249
334.84750
336.52499
338.35999
339.72751
340.79251
342.19751
343.78250
345.28250
346.79749
348.64499
350.73749
352.48749
353.85501
355.01749
355.88501
356.77750
358.12750
359.83749
361.46249
363.15500
365.32251
367.34750
368.86499
370.46750
372.52249
374.76001
376.81250
378.81250
380.82751
382.77750
384.79999
387.00055
389.28522
391.56253
393.84274
396.11734
398.39569
400.68069
402.96829
405.25183
407.52881
409.80029
412.06784
414.32565
416.51663
418.60321
420.60132
422.51575
424.34900
426.09674
427.75232
429.31381
430.78314
432.16345
433.43619
434.59274
435.65302
436.62805
437.52158
438.33432
439.06015
439.69061
440.22241
440.65665
441.02475
441.34650
441.62100
441.86441
442.08481
442.28339
442.45831
442.60092
442.70047
442.75183
442.76099
442.73416
442.66263
442.54767
442.40643
442.24832
442.07535
441.88626
441.67273
441.42416
441.13449
440.80283
440.43042
440.01022
439.54474
439.05222
438.54291
438.01932
437.48062
436.91879
436.34250
435.76437
435.18188
434.59500
433.99542
433.38455
432.77960
432.18979
431.61658
431.05847
430.51025
429.96414
429.41412
428.85907
428.29910
427.72653
427.14307
426.56607
426.00473
425.46066
424.93744
424.43130
423.93082
423.43057
422.92944
422.42761
421.91754
421.40112
420.89545
