284.72501
284.87500
285.00000
285.12500
285.27499
285.42499
285.57501
285.72501
285.89999
286.07501
286.22501
286.37500
286.50000
286.62500
286.77499
286.89999
287.00000
287.10001
287.22501
287.37500
287.52499
287.70001
287.89999
288.12500
288.39999
288.70001
289.02499
289.39999
289.79999
290.22501
290.70001
291.20001
291.67499
292.12500
292.57501
292.97501
293.29999
293.57501
293.79999
294.00000
294.17499
294.32501
294.47501
294.60001
294.70001
294.79999
294.89999
295.02499
295.22501
295.50000
295.79999
296.12500
296.47501
296.82501
297.20001
297.62500
298.07501
298.50000
298.89999
299.29999
299.70001
300.07501
300.42499
300.77499
301.10001
301.39999
301.72501
302.07501
302.39999
302.70001
303.02499
303.39999
303.77499
304.12500
304.52499
304.97501
305.39999
305.82501
306.29999
306.77499
307.22501
307.70001
308.17499
308.60001
309.00000
309.39999
309.75000
310.00000
310.17499
310.29999
310.37500
310.37500
310.29999
310.20001
310.12500
310.10001
310.12500
310.20001
310.32501
310.50000
310.75000
311.10001
311.50000
311.92499
312.42499
313.00000
313.60001
314.22501
314.84750
315.50000
316.27249
317.07501
317.79501
318.39749
318.92499
319.64749
320.64749
321.60501
322.63501
323.90250
324.98499
325.85501
327.14001
328.67749
329.74249
330.58499
331.74750
333.27249
334.84750
336.52499
338.35999
339.72751
340.79251
342.19751
343.78250
345.28250
346.79749
348.64499
350.73749
352.48749
353.85501
355.01749
355.88501
356.77750
358.12750
359.83749
361.46249
363.15500
365.32251
367.34750
368.86499
370.46750
372.52249
374.76001
376.81250
378.81250
380.82751
382.77750
384.79999
387.01227
389.32416
391.63800
394.00867
396.46384
399.00403
401.62793
404.32819
407.09589
409.92700
412.82150
415.78021
418.79630
421.86438
424.99469
428.19733
431.47473
434.82620
438.24457
441.72079
445.25085
448.83484
452.47360
456.17700
459.96399
463.85181
467.85004
471.96048
476.18237
480.50800
484.92725
489.43546
494.03235
498.72971
503.52960
508.43265
513.45612
518.61060
523.90009
529.32416
534.87518
540.54279
546.32202
552.21191
558.21222
564.31311
570.51666
576.84344
583.30469
589.90540
596.64655
603.52045
610.51648
617.60529
624.76367
631.99469
639.29053
646.65271
654.09845
661.64490
669.30475
677.07764
684.95428
692.90198
700.89417
708.93158
717.01550
725.13599
733.30664
741.52368
749.80469
758.18231
766.64453
775.17444
783.75140
792.36578
801.01880
809.71466
818.42212
827.15717
835.95593
844.80469
853.72534
862.72595
871.77679
880.86438
889.98163
899.12408
908.28870
917.47137
926.66528
935.87439
